97 66 22 45
114 132 93 111
75 57 49 35
116 154 89 143
====================
108 27 114 58
146 48 204 138
28 12 27 23
73 27 64 69
====================
120 158 165 131
107 98 103 117
102 96 103 79
67 101 106 91
====================
108 76 108 97
149 123 138 131
96 68 71 89
112 96 140 88
====================
60 114 101 128
36 88 80 102
81 205 165 171
63 144 152 121
====================
228 66 126 240
116 38 84 137
198 99 120 241
199 64 126 221
====================
59 73 48 72
66 115 104 135
71 101 86 84
146 182 170 181
====================
112 76 31 80
72 85 11 41
78 17 37 66
83 59 23 60
====================
70 14 64 28
156 29 152 102
129 10 134 80
48 12 45 33
====================
35 26 28 57
171 132 76 236
147 132 97 236
72 78 41 145
====================
111 86 92 66
134 88 136 100
136 105 164 84
165 108 187 125
====================
186 133 240 145
111 60 149 83
68 44 87 18
116 107 140 89
====================
120 150 260 130
87 174 196 84
42 111 93 50
48 51 66 29
====================
